11001101010011100111001010110011100000001000000111
10010011010111011101001001000001010100001001110111
01110101011000001001100011001101001101000110101100
01001001011000101111100110001000111011000110111100
11100101000110110101110010001010010100011000110100
01011011110010000010101101011100010010001101001101
01101001111000100100011010001110000111010110011111
01101101100011111111100000111001111000000000100100
11100101110101000010111110001011010110001001111111
10110111100111000001001101110110000011111101100000
01111011011010101110010011111100110011010010110011
01101110010001001010111000110100011011111100111000
11110011001110001111111110000001001011110101000110
01111011101101100110100101101101001100111111111111
01011111111101000110111000110111100100100010011111
00000100000110011000111100110100110001001111111111
00010000011010101000100000000000101110110000001111
00110111001110010100010100010000100110001100101010
11110001100111111100011110110110100111101101111010
00001111010010100101100101110010000010100101101010
00011011000001110011111000001100101110010101110100
10000010101001110110010010111001000110111111110001
11011011010101011110000111010110011001110001000111
10011011100000101101001001101100001010001100101010
11100101011111010001110111101111010010110001010101
00001011100101011010101101010001101101111100110001
11110100100001111001111010111110110011110010110100
00010111111011000001100101001000001000101010011001
01111011110001001001101000000011011011011011101011
01101100110101011110111000110100011100011111000110
11010101111001010010111110000010101001110111001100
10001001101101011110010001001001011001100100000010
01011001101111111010111011001111000011100011000011
11100000101101110010011010010100101011000000100111
10100000001001010000011101001111000101010000000111
10010011001101011010101011111110110000100111100001
01110001101111101010100111101110110101011111101100
10001100001001110101100110000011111110110110100100
10100001110100110111011011000110011001010111011110
11011111101011110011011011011111000100011000001100
10101010000110101101000001100111111001111010000010
11000011011100100110101011100101101001110010001011
11010110110001001001001001001110101001100101100111
01111001110011111011110001011110111110011000110001
10001111100100101101111000111100010111110001100101
00001101101010011110001111111000100000110100010011
00111010111101100001011010100100001111000100001001
10010011110101001000110100001001101001100100111111
10001001101000011111001111011011001101100000000101
10010100101101110000111011000001001100111011011000
10011110011010001001000111110001001101111010111101
00110011100011010001110011001011111111101101110011
01001110000111101010000000011101010010000111101001
10011000110101101011010100100010101110010111011110
11100001110001110000111111011100100110100001000011
01100110110101010111001101011111000000000100100101
11010110111000111101000000100100111100111010011010
00001111111011001101010001001001011110000101011101
10010010010110011010011010111101111010000000100010
00010001101100101001001111011111100001001001010111
11111111111101100100010100010011000001000110100111
00110111101010010101010101111011000111111011000011
00001001011100010000100100000110100101101101001100
11010001001111101100111010101100101001011010011111
00001100001101010101011001101000010111000000101100
00011010100100010111011010110100100011000110111101
11011111110110010011111000000111000000110010110101
01010011011010000101000001100101011011000101100110
01001100101100010011101010010001011101111111010010
11010111001101001100010010001001011100101011111000
11100100111110100110111001110000010101110010010101
00111101011010110000101101000011010011100101010111
01100110110000101000010000011001101010110011100110
11111110011110100000111110010100011100001110001100
11111101010101000011010101010011100000101000100100
11011001011110011000010101110000101110000001011010
00111010111110101011100001011100101110000111011111
00001101110001101011110100000001100111011011010001
11100001001000011011011100010110001001001110011001
10000111110100001110011101001111101100100100110000
00110001011001000101111111111000001111000011010100
11000010001100101101011110100011001101011100110001
10101011101101010111001001001101101001010000101101
10101000100111111111101011011111000001001110011001
11001101100011101001101011010011100011100110111001
00110111101011110001100001110110011010011010101101
01000010110101001100000000010110010101010111110000
00010101110101101110110100111100111001001101101011
01000000001111010110000010101111100111000110111010
01000010011101010111010010011001101111000100001100
10100101001110010100000100101010100111010100110001
01111000000100010011111011010010110010000011001111
00000010011111100011111000110100100011011100000110
00111001011011101001101010110100111001111010000010
01111100001110111010101110110111110000011110100010
00010100111011001010011000111101010010010001100010
00011001110111011100110000001010011100111011111111
11101010011011000000100100010100011111101011000100
01000101110000110100011101010110000001011010001001
01010100001001010111010100110100110001001111111111
11001011100110111000101100110111101011010111111011
00100010010110010010000001101010111010111101110010
10110000001010110000011100001110001001110101100000
11101100000101110111010011010010110011000001000100
01110101001011110000111101010000001010101101011001
10011000001010110010001000101000101110010101010011
11100100001100010011110111110110100000011110110110
11101101000000001000101101100111001111110101010101
10100011010001000110111101111100101010111010100011
01111001100101100011011011010011100101101000001111
11100111101100000010110110011110101100001010111010
01111111011000111110111101001100010110111000001010
01011100011100111001010110000011110010111110010100
00100010110111011111111100100001000100000001100011
00101100001111010001011100001100010110110101000101
10100101100101110111100110111001111111111111111111
01010101111010101000011011101111111101010010100011
00101001000100111110101100100000010001010010010111
01010001110010000111101000011010010001101110011011
00101011001110100001100010000110001111111110101000
11110010101101100100101000010101001000001111010000
10110010110110010100100101111000000110110010100101
01110011100101101101110011110111001000101111010111
00101100000100111100000110011110011100001110011000
00100011010001101110001100000100000110011001011101
01111001110110110010111100000100110010101110100001
11010111010110001010110110010100111111111111111111
00011001110011101110111001110100000101000001110100
01011010110000100000100100011011000000011001101110
10100111011100010001011100101011001001010100010011
11101001000101010100111011011011100001110001110111
00010000000010111100001101000100001111001100100001
00110011100100010011010000001111110110000001111011
10000000011100110010011110100111111111111111111111
01010000010100100010101011001000101001010100011111
01001101000011011010001010001000100000001100000100
11010000011101000010010100110011100010010000000001
11111000000000110001010001100110010011010011011111
10101101011101000011110101011110100110100110011111
10001000101100001101011011111100011110001000101110
11011100100010101000111011001101001101010110110010
01000000101101011000000001000011100000111010100010
01100001101110001110101010000011000000001111100101
01110110000110011010011110011101111111111111111111
00000111000011111101000110000110111101011101011111
11010111001111101000001100010000110000010011000000
00110001111001100101110001100100111101111000010001
11111011000110000000111110110100001000001101000100
00000010000111110010110101011111110000000001001001
01011000001110000001101010111000011100000001100000
11000101101100101000011010011000101110101110100000
01011000011100111111011001011000010011001010010110
10011111010010010100010010000011101100111011010000
10111010010100001001010111110001100101101001111111
11011101001010011101000011101101000110011111011010
10000101100111111110000001000011010010000000010010
00101001010010101000100111010001100001001000111111
01100101000001111101101000010001011010000010011111
01111100001101000111111110011100001110011000001001
00101001111110001010010110010010100011011111000000
10111001111111010100000110110010000001011010000010
01010110001001111110000011011101001001100000101001
11110000100101101111101100111010110100101101010111
11001000101111101010000101000001110101110100000100
10100001110001110011101001100010000100111111111111
10001111110110010011011011011111100000110101000101
00010001110000100111110111010101001100110111001010
00011010100011100001100010111000101101110010000100
00000001000110110001010010100011000011111000000000
01111111111100100000101100010100010001000010110000
00111000101100010101010110011100111000110000100001
00101010010011001010101110111101001101000100111111
00010001100011010010101000010001000101010111100100
11000110010000011010010100010100010001000110100000
01110000111101110100011001010001100010101101101000
10100010011101000010000110001111001001111000111001
11100110000010101001101011111101001000110001011101
10111001111010100101101101111011100000101011100001
01001111010011000110101111001110110000100010001100
00111001001111001001100010011001011100110010110110
10010110111110101000101110101001000110010011001110
01111010100111111101000011001001111111111111111111
11001111011101010011110110010100000111010010110100
10110101011110111000100001101100111110100001110111
11111010011001100010111111001011111000001110000010
01001010110110010000110101111010111110110111001001
10101010001111001111111010000100111001101110110110
00010010011000111010101011101011011101111001001011
00101010101001000111100010110001110001011100011010
11111000011011011010101000011100100110101101001011
11010010000011011011110101111101011000110101011101
10010001010011011111011001110111010110101101101000
01001101001011011110001111010101010010100001110111
01110011011000110101011010000100011000111100111001
11111011011000100101000110001111100010100101101010
01110000001101100010110101110111000100011001000101
10000010010010110110000110010001101110110100000010
00110111101010000001101111110011010100000000100110
11000101011101111100000000010010010111010011111111
01100011011100111010010001110110011010001001111111
01010011011000001111010000110110000000000101010110
00100011011101101010001100100001100001010111010111
11101100101001011011011100001000011100010011101010
00110110101111101111101101000110101100011001011101
11111000100111001001111110100010010001111011000011
00111001101100010000110101001101100000101000001110
01100110101001000100101110111101010011110111000110
11101100011101111001101110000001111110000001000011
01001010110101010110111101111001000010011111111111
10010011101111000010110010001010011111001000111111
11111111111111010110100111110001000101101001101110
11000001100001010101010101011000101000011111001000
01101101010010100111111001011010001101110000100101
11100111111111110001110000101110000001011010000010
01100010011110100110111101001100110101010010110001
01111000111111010110001110001010110001111011100100
01010000101000001000110110011010111111101111100011
00010110111001010110100010000001010010001001100001
00101110010001011101000010100110001010111111001010
00100001100101001100100110101010010010111010110100
01010101011011110101111100000110000000001001100000
10010111010011111010101100110110111001000100010101
11100011000110010101101111100100111001111100011001
10001101110000001000001101010010110010011010100100
10111010010101111111111111101000101010100101100111
10001010101001110011101111000001010000011101001011
00011011010111001101101111111111011011100011111100
11011011111011011100000000001101010100000010111011
00010010011000100010100001010110000101010110101101
11011001010010000111100010100110001001111111111111
01000000010111011011100001100010011010101000100001
00111000010101110010100100100111101110001101000100
10000000101100000000101110100100110011101111111111
11001010111000001111000111100000101011101110001101
10111011010110110010101001011000100000110101100000
00001111010001100001101111001001000011111110100101
10000101101110101110011100010001010100110110111110
00110010101100110101001011000000000110110010000001
11101010010110011010000100000011001111011001100001
01101000000000000100011101010101100100000010000001
10010100100111010011010000100100110000100101101100
10101000000100000010100111111011110000100010001100
11001011010110011110111011111010010000101000001110
01001101100101010000111001001010110000011011010001
10110011000110011000100010011100000001001001011100
11100011010000111111110011111011000010000110101110
01110110101110110000101101101011100010001001111111
01001000101011111110100110010000101001010010001001
10000001110000100100000100111111111111111111111111
00111100110000101001000111010010110110111010001110
10010101010111110110010100000110111110100111110011
01001111110111001010101111100101001100110110101000
10110011011110100101010100101011011011000100100111
10011001000000100000010011011001111111110011100101
11010010000101100010111111100010000000001000000011
01110100000001010010011001101010110010000110100101
01110100101101110101100110010010010010000010010001
11001010011001010001100110001010100110100111110111
01000100110110100101111001001101101111101100000001
11011111010010100000110010010100010011110111101011
11001101001101001001000001000101010011001111100010
01001001101011010010011001000111001101011100101000
11100111011111111010110100101010110011001010100100
10101001110101010111101101000001110011000001001111
11001010111001100100101011011000010010010111010000
10100110110100010100000001110100010000001111011001
10110010001010011110001011110111101111001110000111
11111111000110001000011111001100101110000101011001
10101010111101010001010101101101110100100111011010
11111101111011010110101011110001000101110110110100
01111101111010100100010101100110110011000011101100
11110011001100100100011000101101111001001010111100
01101100111010111101000101111011111011010010011111
11111011010010110100111110001000111110010100101101
10001101011011111010110101011100011011101011101000
10100111111100101101111111110001101110001100110001
01011101111100011000111011010101010010000010110100
00001010100000101001111010011010101001100011101101
11100000110001111011111100011010101101101001010110
10110100100000111001001101010000100011011000100001
11000000110010011100111111001011011000111011011000
00001111010010111101111001011111110000000001001001
10001111111001101110011010111100100101000011000100
01100011111110110111110111011101110011101111010101
11100011010111110001100000101100010000111000110100
11101110011001000000001101100111001000011101100110
11010110101101111111111101100010011110111000100001
10101001011101010011110001100101101000001001111111
10000000110111111000101011100010000111101000011010
10110111000111100110101011001010111111010000111001
11111110001101101100011111000001100101110010101110
01100100110111011011010101000000111101100110001001
10001110011011101100101110000001011100111111011100
11000111100010011001110111011010101000111000111011
01101010010100110011010001101101011001111010100000
00000100111110010101001110010001110111101110110110
01011001010000001111001010110110101110011000001011
00110100001000010110011010010110010100110101110100
10011111111010100000111110100110001001111111111111
01100101011001110101010111111001000100000000100100
10111010010111111010110000111110010101001011100110
00001100100011011101000011101001000101101010111010
11111010100001001001011010100011100001001111100100
00101111010111110100110101010111101010000100111111
11001001011101111011001000010011010011001001111111
11101100000001010101101001100100111100111010111110
00010111111000010000111101100101100001010010110101
10111110010111010011000010110100010001001111111111
01100000010100010011100011101011100101011101011010
10111001001010010110010000110111001010000110001001
00101001101101110010000011101100001100000110101000
00110110111011100001000110110111000001011011010111
00000101111111101010000000010001010101010001000110
10011001001110111101001010111110110101001110101000
10010100001100111001110111111001111010000111111111
11011110001001011000101111100100011111000011011100
11000011000001010111000001000110011111110000001100
11000110101100111000111001000000000011111000000000
01111100101001111001101001001001110101001010010110
11001111100101011110011000101000101110111011111011
00000111001110001101011001001000010011000110111001
00100000110011001000001010110100101010001001000011
00001110010100000010010110100011010001000100111111
00100101100110100100011100011101111111111111111111
10001001100101100101001100000010001011000100010010
01110110110101110001101111110100101011011110101011
10010100100111111010100110001111110010001110100111
10000100101000011111000111101001001100011010011111
10101110101110100110100111010011100010100111101010
00011100110100100101001011100101110100001011110101
11000011001110011100011000000001010000011101001011
01011011100101000000111001000000100111111101111010
11011010010010101100011100110101111110001110010111
01111010010000100001100001001110101101101110011000
01110100110011000000111000111011011110101100010011
01110001001010000100000110000110000011100011011110
00011001001110110100000110010001011111111101001011
00001011110101101010010010100011011000100011111001
01001001111101110001111010110010101010010001000110
01110110100110101001110010001100001000101110101110
01100000000010001101000110000011100101010001110101
11001000111011101100011110011110101110011110100000
00111111110111001011101001100101000111111101111000
01101000110100000110001110110001010110101011101000
01110010001100011000001110010101001100111011010111
01111110010001001001101000100010110000010111011000
11101010101110110111011000100010010011101111000010
00110111110111001011011101110010011110111001011101
10001000101011110011111110100111110100100101110100
11010010100010001111010111010010101000001111100000
01000011110111101110011001101000100111111111111111
00101010011110111100110100111001011101000111000011
10000110011010011110101000011011001111100000000010
11000111100011110011001111101011010101010110011100
00011100011100110111001001000110010111000101101101
10010100011000111010100000001001001000001000101100
11110100011111011110100111111010010110101011101000
01100111101101000101100101001100001011000110001001
01000100111110111111000000101110010101001000001011
00111000000111010101100010001001010000110001001111
10101111000110011000101110100010011001001111111111
00110100111110100011001011010010111010100100011000
01111000000011010101011110111001000110010001101001
00110010001100000011111000100100011100010011000101
01111011100111111011111110110000111011101000001111
10101000111000110110111000100101111010110011110100
11101111000101100001101011010001110111100101111101
11100001001111011001111101101110011111100101010010
01111100000011101011001101011111001010111000110100
01011100101110111010011000110010101000011110100011
01101000110100001011111100101001110111011001100010
11000011101011101101010000110000010001111101000101
10110001001001000100111001000010101001110111110011
01101101110000000011110011101010100001101011101101
10011010110111101111110000100100010110010111011110
10000010111011101001010011000000111000011010101011
10000010010001000101101111101110000010011111111111
01110111010000011001101011001001010111010011000000
10010100011000100011000110000110001000000110001100
11010111010011000011000111110010000101010101111100
11101101111001001110111001110101101001111101100010
10100000010110011010111101010011100010100110100010
10010011010111110010101011111011100110100001111111
01011000110010110001100011000110101110110010001101
00001100011010000100011010010000111000110011110001
10111001111001000101011100010001011100111110111000
00010000100010011110000011110000111110111110001101
01100111010000110100100010100000101010100101110110
10001011000110000011000000101010110100111010111010
10001111101111101000010111100001100110110101100100
00011010010011011111110111100001000100011011000110
01000001011011001000010010111011111111010000110111
11000010010011011000101010000100100010110101110001
00110011011011011001110001111111000000110000101101
01100110111110111110011110100100001010100001011011
10011010011100001101101110001001001100101010001000
00011111011110101101111111100001000100010010010001
00010000100011001111110010100110101101100000001100
11110110001010110100100010101010010100100010100001
00101110100111101110100101010111101110110111100100
00011011000101111000100110100101001100110111001010
01110000011001001011010010101111100110000011001011
00000011001101001110000110000001010110110110001101
10011100001111001011101010101110111011011111000101
11101010001001101000010111111010101110011111001100
00101010110011100111011101101110000110001001101010
11011100110101100110101000010001001000010101101101
10111010011010000000000001011101100000011110110011
01011111011001110001000011010011100110110001111101
01101111100111111100111010011000100100010011111111
01100010110111010100110000110000110111001000101100
11111100000110100011011110010100100001001100101001
10011100011010011010010101101010001010111101001000
10001100010100011100011111010011001010010010010000
00000010110101010011111111101101010010100011110100
10101011000000001001100000000011011001000000101100
00111111101000100001000111000110000100011001001100
10001001101111101101010000010011101111100110100001
01011011010110111101010111010010001011001001000001
01100001000111101000011010001100000000111110000000
00010011010111011011001110001101101111000001101100
10101100111111010010100010110101011111101100000011
11101011110011001100001011011000000110100100010111
10100000111110111110011101100111000001101001111111
10110101100010011111111011101100001011111000101101
10000011100001001011010011111100011001011000110001
01010100010011110000000111100001010100011010101001
00010100110000010010101100111011011010000010110100
01010110000111100000110000001111000000100110111000
01110001011001010011101100100000100101110110101100
00010000100000011011101000111110001010010101100111
00110001110100000111100010110100001010000010000001
10100001011110110000111110100000001000001111101101
11111111111101001001011011011101010011011011000100
10000110010110010101010101111011100000010110001100
01001111000011001010001011001000111001000010001001
11010001101010101001010100100001101011100101001001
10110101100111000011010001011000111010110001111101
00000100011010011001110011010100111000111011111111
01010100010010011111001010111001001010011000100111
11110010100000001111001010011000011110000110101100
11000011101000011011000101001010011001000011111010
10110011011011011111110001110101001100110111001010
01110001010011100110011111001101101001011101000110
10110110100001101011000110011010111011001000110110
00110010000011111100110011011100001001110010011001
11000010011000010110100000010001111110111110011010
01010010110011101010111001100110000001011000000111
11111011111000101001001100111010010000111001100011
11011000001101101110110101101111110100101001101111
11100101000010101001100001100001100101000011000100
11001000000111100010101101010000000000101110110000
10111011110010010111101001010010111100010000011101
01101111010010011111000011010111010001101001111111
10101100000011100001111110000101101100001110101110
00000101111110001110001011101010001100110010111000
10011101100000111101001000001111010101111110010100
10010100011110100000110011000111000001111001110010
00010110010011111101000111101101010000010000111100
10010100010101111101000010111010010001110011101101
01101000101000110011000111101001011101111000001001
00100001111110010000001110011000111101100000101000
01001011100010101000011000010010110111101111011110
01111111001111100011110100101110110100000110101001
00000110011010000001011000100010101100111000111011
00110010010101111110001010111011001011011100111111
00001010100011011011111110111001101010011001111001
01110101010101101011111100010101100001010100001001
01101010000000100000001000111101100111001110100001
11111100010110011001001110011101111111111111111111
01010101010000000000010101110110011000011001011001
11000101101110101000101100111111010011001110011010
11111010011001111111011001010001000101101100010101
01000100101110010000110101101010111110101010110100
00000111001001000001100100101101011001000110110011
11110111101101111000001010101001100110010100100010
01001011100100110000100101111110010110110001101000
11001010000111110100110100100111011011100110011100
11110111100000001110101001000011110100110001001111
10110101001110000000100101010111110010101110100000
00111100110100001101110011010000111000101100011001
10001010010110010010010100000001011101101010110101
01011111011110110000011111110011110010110110100010
01101101011000010100111010001100010100100101100011
00111111111111011111000000111111111111111111111111
11001011010001010101010000011010101010100101110011
01011100010101011110000001111010110100111100011001
10100011111010101011111100111001111010010010001001
10111110010101110111110111000001011011010111000100
01110000111011010011100011011011100001001101110010
11110001011011011011100110000010111000110101110000
11001001001111011100000101000001110100101101001111
00110111001010001001000001101010110110001001000100
01101110100101100000000000010001010101010001000110
10010110000000100011111110001111010110011110100011
01110110010111100000000111110011011110111100010011
01000000011001010011001000110000011101100000000111
11100001000010000010000010001101011011010111010100
10000100001010001110011101001100000000011011001000
00111100011100100010100111011011101010100101001000
